0.393904
-0.580597
0.504476
-0.110275
0.490995
-0.003651
0.395886
-0.531541
0.480002
-0.088003
0.563433
-0.071658
0.385037
-0.572902
0.521588
-0.115742
0.487219
0.026425
0.399048
-0.602422
0.485469
-0.099281
0.478983
-0.053722
0.389478
-0.560673
0.498014
-0.097003
0.523996
-0.044199
0.386838
-0.549173
0.498128
-0.113969
0.535526
-0.029262
0.395313
-0.584767
0.497086
-0.088604
0.494543
-0.047511
0.390699
-0.577786
0.490804
-0.108665
0.508664
-0.045635
0.401645
-0.570860
0.505022
-0.113056
0.494904
0.006371
0.390021
-0.602966
0.517440
-0.126804
0.445973
0.040004
-0.394803
0.571330
-0.491855
0.096810
-0.514102
0.046027
0.377717
-0.572235
0.536974
-0.104527
0.479439
0.027369
0.391497
-0.587786
0.485674
-0.121942
0.498697
-0.042295
0.394672
-0.590458
0.517215
-0.102052
0.466465
0.008893
0.387529
-0.583244
0.520250
-0.115622
0.474343
0.024855
0.385535
-0.555230
0.520127
-0.090725
0.513686
-0.021123
0.412954
-0.566371
0.484741
-0.095809
0.513648
-0.026553
0.397891
-0.577806
0.488964
-0.114240
0.504993
-0.025865
0.403075
-0.559924
0.453728
-0.085302
0.546478
-0.110594
0.385152
-0.581067
0.505658
-0.124587
0.492733
-0.004648
0.391059
-0.573182
0.502232
-0.103282
0.505148
-0.021357
0.413524
-0.572554
0.470792
-0.101434
0.516638
-0.048285
0.385265
-0.588663
0.491212
-0.103288
0.499561
-0.059396
0.397564
-0.598438
0.497291
-0.124969
0.469999
-0.000466
0.402928
-0.554017
0.501887
-0.102963
0.517901
-0.000734
0.385421
-0.578100
0.504151
-0.101540
0.501411
-0.036863
0.390866
-0.544167
0.500147
-0.083991
0.539851
-0.049650
0.400774
-0.558008
0.492905
-0.113744
0.521297
-0.019062
0.387075
-0.589272
0.494636
-0.104931
0.495108
-0.046098
0.380406
-0.582044
0.546140
-0.111625
0.449173
0.063488
0.401838
-0.544587
0.471602
-0.081661
0.553050
-0.083722
0.392389
-0.590157
0.491747
-0.093437
0.494079
-0.055547
0.386202
-0.573897
0.510655
-0.112192
0.497939
-0.013832
0.390710
-0.579504
0.519577
-0.120651
0.475020
0.036873
0.382197
-0.572298
0.500491
-0.114670
0.511492
-0.033688
0.400072
-0.594567
0.491304
-0.093540
0.484661
-0.037524
0.403035
-0.576757
0.486144
-0.113323
0.504600
-0.033375
0.377675
-0.587828
0.534535
-0.130232
0.453998
0.054931
0.402712
-0.570246
0.499991
-0.107763
0.501036
-0.001329
0.394821
-0.554783
0.492393
-0.088528
0.532151
-0.053473
0.394363
-0.577478
0.488790
-0.079754
0.510329
-0.072701
0.399482
-0.571965
0.473702
-0.097183
0.523255
-0.075068
0.391794
-0.569953
0.497960
-0.105486
0.511329
-0.033195
0.405358
-0.593668
0.489114
-0.102954
0.482275
-0.028675
0.361293
-0.605199
0.553443
-0.152413
0.399610
0.118257
0.377568
-0.566462
0.499382
-0.131206
0.518855
-0.027474
0.400414
-0.570491
0.506355
-0.109374
0.495822
0.003175
0.405080
-0.563058
0.482413
-0.098032
0.524564
-0.037092
0.384963
-0.563707
0.517111
-0.093058
0.507566
-0.018737
0.402179
-0.553293
0.486488
-0.093659
0.533546
-0.044779
