TT3_20160908_123402.dat 266.990099 162.980198 0.172919 0.199007
TT3_20160908_123429.dat 266.980198 162.980198 0.140014 0.199007
TT3_20160908_123452.dat 266.970297 162.980198 0.170613 0.199007
TT3_20160908_123535.dat 266.980198 162.960396 0.140014 0.241694
TT3_20160908_123611.dat 266.970297 162.960396 0.170613 0.241694
TT3_20160908_123659.dat 266.970297 162.960396 0.170613 0.241694
TT3_20160908_123735.dat 266.970297 162.960396 0.170613 0.241694
TT3_20160908_123747.dat 266.980198 162.950495 0.140014 0.295846
TT3_20160908_123758.dat 266.980198 162.950495 0.140014 0.295846
TT3_20160908_123819.dat 266.980198 162.960396 0.140014 0.241694
TT3_20160908_123842.dat 266.980198 162.950495 0.140014 0.295846
TT3_20160908_123933.dat 266.980198 162.970297 0.140014 0.221605
TT3_20160908_123956.dat 266.980198 162.950495 0.140014 0.295846
TT3_20160908_124008.dat 266.970297 162.950495 0.170613 0.295846
TT3_20160908_124030.dat 266.970297 162.960396 0.170613 0.241694
TT3_20160908_124042.dat 266.990099 162.970297 0.172919 0.262886
TT3_20160908_124053.dat 266.990099 162.970297 0.172919 0.262886
TT3_20160908_124139.dat 252.792079 163.970297 0.431667 0.170613
TT3_20160908_124202.dat 244.970297 152.950495 0.170613 0.295846
